TOTAL_RAM=24.07,24.07,24.07,24.07,24.07,24.07,24.07,24.07,24.07,24.07,24.07,24.07,24.07,24.07,24.07,24.07,24.07,24.07,24.07,24.07,24.07,24.07,24.07,24.07,24.07,24.07,24.07,24.07,24.07,24.07,24.07,24.07,24.07,24.07,24.07,24.07,24.07,24.07,24.07,24.07,24.07,24.07,24.07,24.07,24.07,24.07,24.07,24.07,24.07,24.07,24.07,24.07,24.07,24.07,24.07,24.07,24.07,24.07,24.07,24.07,24.07,24.07,24.07,24.07
RAM_USED_PERCENTAGE=35.10,35.56,35.19,42.13,35.19,35.02,37.89,35.10,38.01,40.22,35.06,36.77,36.44,36.06,35.27,35.35,35.56,36.02,36.10,35.81,35.65,35.65,35.90,35.85,35.35,42.58,35.60,44.49,35.73,35.77,35.65,35.31,35.48,36.19,35.44,35.31,35.56,35.44,36.10,35.98,35.65,35.56,35.77,37.39,37.52,39.30,35.81,35.31,36.44,35.52,35.40,35.52,35.44,37.64,35.69,35.60,35.98,35.94,35.65,36.81,35.69,36.06,41.88,35.98
AVAILABLE_RAM=15.62,15.51,15.60,13.93,15.60,15.64,14.95,15.62,14.92,14.39,15.63,15.22,15.30,15.39,15.58,15.56,15.51,15.40,15.38,15.45,15.49,15.49,15.43,15.44,15.56,13.82,15.50,13.36,15.47,15.46,15.49,15.57,15.53,15.36,15.54,15.57,15.51,15.54,15.38,15.41,15.49,15.51,15.46,15.07,15.04,14.61,15.45,15.57,15.30,15.52,15.55,15.52,15.54,15.01,15.48,15.50,15.41,15.42,15.49,15.21,15.48,15.39,13.99,15.41
TOTAL_DISK_SIZE=199,199,199,199,199,199,199,199,199,199,199,199,199,199,199,199,199,199,199,199,199,199,199,199,199,199,199,199,199,199,199,199,199,199,199,199,199,199,199,199,199,199,199,199,199,199,199,199,199,199,199,199,199,199,199,199,199,199,199,199,199,199,199,199
USED_DISK_SIZE=29,29,29,29,29,29,29,29,29,29,29,29,29,29,29,29,29,29,29,29,29,29,29,29,29,29,29,29,29,29,29,29,29,29,29,29,29,29,29,29,29,29,29,29,29,29,29,29,29,29,29,29,29,29,29,29,29,29,29,29,29,29,25,27
AVAIL_DISK_SIZE=171,171,171,171,171,171,171,171,171,171,171,171,171,171,171,171,171,171,171,171,171,171,171,171,171,171,171,171,171,171,171,171,171,171,171,171,171,171,171,171,171,171,171,171,171,171,171,171,171,171,171,171,171,171,171,171,171,171,171,171,171,171,175,173
USED_DISK_SIZE_PERCENTAGE=15,15,15,15,15,15,15,15,15,15,15,15,15,15,15,15,15,15,15,15,15,15,15,15,15,15,15,15,15,15,15,15,15,15,15,15,15,15,15,15,15,15,15,15,15,15,15,15,15,15,15,15,15,15,15,15,15,15,15,15,15,13,14
PHP_PROCESS_COUNT=5,5,7,6,5,5,6,4,5,7,6,5,5,7,5,7,5,4,6,7,4,4,6,6,4,7,4,6,3,5,4,7,6,6,6,5,5,6,4,3,7,5,5,4,4,6,6,5,4,6,6,7,6,6,5,5,5,7,5,5,5,5,5
NODE_PROCESS_COUNT=0,0,0,0,0,0,0,0,0,0,0,0,0,0,0,0,0,0,0,0,0,0,0,0,0,0,0,0,0,0,0,0,0,0,0,0,0,0,0,0,0,0,0,0,0,0,0,0,0,0,0,0,0,0,0,0,0,0,0,0,0,0,0
HTTPD_PROCESS_COUNT=12,14,14,11,12,12,11,12,11,11,12,12,12,12,14,12,12,11,12,14,14,14,11,14,12,11,13,11,12,12,12,14,13,12,13,14,13,14,18,12,12,12,11,12,11,11,12,12,12,14,11,12,12,11,12,11,11,14,14,11,14,12,11,12
CONCURRENT_APACHE_CONNECTIONS=99,51,85,44,82,84,53,68,33,36,68,38,37,103,69,68,84,55,49,66,96,71,91,88,93,44,57,38,93,91,66,61,88,62,75,56,75,59,82,54,91,84,104,59,65,41,59,86,74,87,60,61,69,57,86,80,78,79,104,54,79,93,52,66
CURRENT_CPU_USAGE=61.7,88.7,66.7,92.3,63.3,36.1,88.7,77.6,95.0,94.4,46.9,88.2,83.9,88.1,41.4,71.7,81.7,88.9,92.1,52.9,51.0,36.2,84.8,75.9,76.4,93.5,36.8,92.6,43.9,83.4,33.6,58.3,42.9,82.9,60.7,34.9,37.0,60.0,84.4,86.0,65.4,60.1,77.1,91.2,86.0,92.1,86.5,53.9,83.3,52.9,55.5,77.9,32.8,92.1,43.0,58.8,82.1,80.0,47.1,93.5,69.3,82.6,94.1,58.5
CPU_AVG_LOAD=17.17,17.30,17.42,17.28,17.28,16.94,16.41,16.23,15.90,15.91,16.19,16.18,15.61,15.74,15.79,15.88,16.31,15.88,15.13,14.78,15.13,15.16,14.97,14.75,15.12,15.53,15.29,15.68,16.16,15.98,16.06,16.29,16.21,15.71,15.94,16.31,16.44,16.37,16.12,16.24,16.43,16.23,15.66,15.71,15.62,15.50,15.12,15.35,15.51,15.51,15.62,15.43,15.34,15.44,15.51,16.37,15.36,15.03,14.98,14.91,14.73,15.30,15.11,15.57
COMMAND_EXECUTED_TIME=2026-02-20T04:46:07@UTC,2026-02-20T04:47:07@UTC,2026-02-20T04:48:08@UTC,2026-02-20T04:49:07@UTC,2026-02-20T04:50:07@UTC,2026-02-20T04:51:07@UTC,2026-02-20T04:52:06@UTC,2026-02-20T04:53:07@UTC,2026-02-20T04:54:06@UTC,2026-02-20T04:55:07@UTC,2026-02-20T04:56:08@UTC,2026-02-20T04:57:07@UTC,2026-02-20T04:58:06@UTC,2026-02-20T04:59:07@UTC,2026-02-20T05:00:07@UTC,2026-02-20T05:01:07@UTC,2026-02-20T05:02:07@UTC,2026-02-20T05:03:07@UTC,2026-02-20T05:04:06@UTC,2026-02-20T05:05:07@UTC,2026-02-20T05:06:07@UTC,2026-02-20T05:07:07@UTC,2026-02-20T05:08:06@UTC,2026-02-20T05:09:07@UTC,2026-02-20T05:10:07@UTC,2026-02-20T05:11:07@UTC,2026-02-20T05:12:07@UTC,2026-02-20T05:13:07@UTC,2026-02-20T05:14:08@UTC,2026-02-20T05:15:07@UTC,2026-02-20T05:16:07@UTC,2026-02-20T05:17:07@UTC,2026-02-20T05:18:07@UTC,2026-02-20T05:19:07@UTC,2026-02-20T05:20:07@UTC,2026-02-20T05:21:08@UTC,2026-02-20T05:22:07@UTC,2026-02-20T05:23:07@UTC,2026-02-20T05:24:07@UTC,2026-02-20T05:25:07@UTC,2026-02-20T05:26:07@UTC,2026-02-20T05:27:07@UTC,2026-02-20T05:28:07@UTC,2026-02-20T05:29:07@UTC,2026-02-20T05:30:07@UTC,2026-02-20T05:31:07@UTC,2026-02-20T05:32:07@UTC,2026-02-20T05:33:08@UTC,2026-02-20T05:34:07@UTC,2026-02-20T05:35:07@UTC,2026-02-20T05:36:07@UTC,2026-02-20T05:37:07@UTC,2026-02-20T05:38:07@UTC,2026-02-20T05:39:07@UTC,2026-02-20T05:40:07@UTC,2026-02-20T05:41:06@UTC,2026-02-20T05:42:07@UTC,2026-02-20T05:43:07@UTC,2026-02-20T05:44:07@UTC,2026-02-20T05:45:07@UTC,2026-02-20T05:46:07@UTC,2026-02-20T05:47:07@UTC,2026-02-20T05:48:07@UTC,2026-02-20T05:49:09@UTC
